[(14,3),(14,4),(15,4),(15,5),(16,4),(17,5),(18,0),(18,2)]
[0.65000,0.65000,0.65000,0.65000,0.60000,0.75000,0.85000,0.85000],
[0.80000,0.56667,0.63333,0.60000,0.86667,0.76667,0.56667,0.70000],
[0.75000,0.72500,0.65000,0.87500,0.70000,0.82500,0.82500,0.80000],
[0.73333,0.63333,0.56667,0.76667,0.71667,0.75000,0.75000,0.85000],
[0.76000,0.63000,0.60000,0.72000,0.73000,0.82000,0.78000,0.82000],
[0.81111,0.70000,0.68889,0.77778,0.70556,0.82222,0.80000,0.85556],
[0.74118,0.68824,0.64412,0.72353,0.70294,0.76765,0.79412,0.74706],
[0.74091,0.65303,0.66970,0.74848,0.71818,0.78485,0.77424,0.83030],
[0.76077,0.64538,0.62462,0.75077,0.69385,0.77231,0.78000,0.80308],
[0.77442,0.66008,0.62752,0.76628,0.70504,0.79070,0.79031,0.80504],
[0.76342,0.65195,0.64183,0.75117,0.69494,0.79183,0.79047,0.80661],
