[(14,4),(15,4),(15,5),(16,4),(17,5),(18,0),(18,2)]
[0.50000,0.45000,0.65000,0.55000,0.60000,0.70000,0.70000],
[0.63333,0.60000,0.63333,0.53333,0.73333,0.63333,0.70000],
[0.45000,0.47500,0.60000,0.37500,0.60000,0.70000,0.70000],
[0.41667,0.61667,0.58333,0.51667,0.66667,0.66667,0.78333],
[0.62000,0.47000,0.57000,0.61000,0.64000,0.69000,0.68000],
[0.54444,0.53333,0.58889,0.54444,0.72778,0.62222,0.70000],
[0.48824,0.52941,0.54412,0.55588,0.70294,0.65294,0.70882],
[0.54697,0.51212,0.59091,0.56061,0.68030,0.67273,0.71667],
[0.50846,0.54462,0.59308,0.55308,0.67154,0.65231,0.69615],
[0.52132,0.54031,0.58178,0.54884,0.67364,0.65736,0.68876],
[0.52257,0.52763,0.58930,0.53560,0.67432,0.64553,0.69942],
