[(15,4),(15,5),(16,4),(17,5),(18,0),(18,2)]
[0.55000,0.35000,0.65000,0.80000,0.80000,0.60000],
[0.30000,0.60000,0.33333,0.63333,0.76667,0.83333],
[0.50000,0.65000,0.50000,0.70000,0.85000,0.67500],
[0.33333,0.71667,0.45000,0.73333,0.70000,0.71667],
[0.40000,0.58000,0.47000,0.75000,0.71000,0.76000],
[0.43333,0.67222,0.49444,0.70000,0.71667,0.74444],
[0.32353,0.65294,0.50294,0.72647,0.69412,0.75588],
[0.36212,0.61212,0.48788,0.74394,0.77273,0.79545],
[0.35231,0.60846,0.50462,0.70462,0.70308,0.80231],
[0.38798,0.64186,0.49806,0.70620,0.72093,0.78140],
[0.39144,0.62257,0.48346,0.71031,0.71732,0.77646],
[0.38138,0.62641,0.48041,0.70780,0.71842,0.78411],
