[(14,1),(14,2),(14,3),(14,4),(15,4),(15,5),(16,4),(17,5),(18,0),(18,2)]
[0.80000,0.70000,0.65000,0.70000,0.60000,0.55000,0.75000,0.85000,0.80000,0.80000],
[0.63333,0.73333,0.76667,0.66667,0.60000,0.76667,0.70000,0.73333,0.70000,0.80000],
[0.77500,0.65000,0.65000,0.40000,0.67500,0.82500,0.67500,0.82500,0.85000,0.87500],
[0.68333,0.76667,0.75000,0.63333,0.65000,0.76667,0.70000,0.68333,0.73333,0.71667],
[0.72000,0.76000,0.80000,0.52000,0.65000,0.78000,0.74000,0.79000,0.67000,0.87000],
[0.78333,0.78333,0.78889,0.66111,0.61111,0.68333,0.70000,0.79444,0.77222,0.82778],
[0.76176,0.67941,0.76176,0.62941,0.61471,0.71176,0.71765,0.76471,0.77647,0.80588],
[0.73485,0.75758,0.75455,0.62424,0.62273,0.76061,0.65758,0.77727,0.78030,0.79091],
[0.76538,0.76000,0.74154,0.65769,0.61385,0.72846,0.69154,0.76308,0.73923,0.77846],
[0.75039,0.77481,0.75155,0.62752,0.60543,0.72946,0.68372,0.77829,0.76783,0.78527],
[0.74976,0.74641,0.75455,0.63445,0.62967,0.73397,0.68971,0.76890,0.77416,0.78445],
[NaN,NaN,NaN,NaN,NaN,NaN,NaN,NaN,NaN,NaN],
