[(14,2),(14,3),(14,4),(15,4),(15,5),(16,4),(17,5),(18,0),(18,2)]
[0.40000,0.50000,0.70000,0.75000,0.60000,0.60000,0.60000,0.75000,0.65000],
[0.53333,0.60000,0.40000,0.50000,0.56667,0.46667,0.60000,0.63333,0.66667],
[0.72500,0.50000,0.47500,0.60000,0.55000,0.57500,0.67500,0.67500,0.70000],
[0.60000,0.50000,0.48333,0.53333,0.63333,0.58333,0.63333,0.65000,0.63333],
[0.66000,0.64000,0.62000,0.52000,0.64000,0.48000,0.68000,0.72000,0.73000],
[0.62778,0.61111,0.52778,0.62222,0.60000,0.54444,0.71667,0.73333,0.73889],
[0.62941,0.62647,0.51176,0.52941,0.56176,0.62353,0.65882,0.67647,0.72353],
[0.62121,0.63636,0.54394,0.57121,0.60758,0.54848,0.66515,0.68788,0.70152],
[0.61231,0.62385,0.53615,0.52769,0.61000,0.55462,0.68154,0.65077,0.69615],
[0.62829,0.64070,0.52171,0.53527,0.60736,0.56977,0.69922,0.67364,0.70775],
[0.63515,0.63724,0.54540,0.54038,0.60983,0.56841,0.67573,0.67092,0.68849],
