[(14,0),(14,1),(14,2),(14,3),(14,4),(15,4),(15,5),(16,4),(17,5),(18,0),(18,2)]
[0.60000,0.65000,0.70000,0.65000,0.70000,0.45000,0.40000,0.50000,0.65000,0.55000,0.80000],
[0.80000,0.73333,0.60000,0.80000,0.60000,0.46667,0.63333,0.50000,0.80000,0.66667,0.46667],
[0.67500,0.60000,0.55000,0.77500,0.52500,0.57500,0.72500,0.62500,0.70000,0.80000,0.82500],
[0.71667,0.66667,0.68333,0.71667,0.53333,0.48333,0.66667,0.53333,0.70000,0.66667,0.68333],
[0.66000,0.60000,0.70000,0.57000,0.56000,0.45000,0.70000,0.59000,0.64000,0.65000,0.76000],
[0.57778,0.62778,0.65000,0.63889,0.54444,0.54444,0.61111,0.55556,0.67778,0.62222,0.72222],
[0.73529,0.69706,0.62647,0.63529,0.55294,0.57353,0.56765,0.57647,0.67059,0.67941,0.66176],
[0.65606,0.66061,0.63030,0.65606,0.55303,0.52273,0.60909,0.59091,0.67727,0.68182,0.69242],
[0.65462,0.64692,0.66000,0.64154,0.54846,0.56154,0.61462,0.58231,0.67385,0.66308,0.69769],
[0.65426,0.65233,0.64651,0.64225,0.53837,0.56124,0.62791,0.58372,0.69341,0.65543,0.69767],
